398
215
405
668
13
14
551
32
406
295
319
573
8
169
325
376
581
555
612
315
409
126
98
147
159
438
554
161
590
711
134
621
343
493
561
518
261
466
352
726
223
228
337
537
342
439
297
416
21
470
272
446
524
723
182
587
395
184
347
699
489
687
112
492
628
130
40
569
137
451
417
26
393
725
487
290
140
27
253
294
82
71
275
341
455
250
585
268
434
728
701
372
10
125
399
575
526
231
25
59
321
356
452
722
734
38
442
363
733
271
79
155
520
595
241
735
240
428
249
286
199
425
403
483
423
413
692
200
719
285
289
34
415
171
380
322
83
449
642
435
639
386
84
309
606
328
306
646
96
441
475
103
391
541
198
503
662
636
15
2
123
704
468
576
320
197
314
292
201
69
653
490
702
703
188
698
221
388
511
469
135
218
9
114
264
382
640
192
242
163
39
381
302
627
440
219
649
513
36
588
447
553
384
121
101
12
427
396
60
377
338
421
170
181
258
278
17
227
538
599
591
288
107
353
145
715
154
610
507
148
600
311
73
167
619
256
705
104
426
277
602
66
633
41
465
307
685
660
75
175
87
369
209
604
684
359
515
187
266
420
124
89
365
611
550
683
235
131
54
517
80
532
450
472
158
55
247
717
185
262
525
544
697
670
630
414
431
43
508
373
117
189
128
463
11
355
263
603
656
654
669
401
335
90
716
330
629
68
482
132
400
464
374
267
559
178
92
204
236
176
402
203
566
596
136
618
710
681
535
274
516
695
690
727
165
44
666
462
138
496
445
647
16
334
375
458
339
607
152
296
635
323
679
327
530
299
313
484
429
234
52
659
95
91
291
220
133
471
645
664
432
582
652
556
407
467
129
397
300
658
348
226
205
504
62
598
616
29
88
505
97
1
419
638
345
350
557
583
418
139
316
594
385
378
506
324
208
672
473
196
614
45
560
461
332
245
206
301
622
149
707
77
310
567
160
93
667
392
625
674
531
64
162
42
232
623
50
732
565
644
119
641
720
361
331
478
58
714
100
571
195
143
568
665
631
20
651
479
481
127
308
99
519
696
318
340
35
675
238
360
349
502
574
460
411
174
180
457
106
357
273
527
47
229
329
146
459
284
76
648
279
63
443
270
637
346
281
689
24
577
222
94
514
718
153
617
512
156
387
579
539
578
67
30
362
0
317
680
207
609
265
4
454
282
686
671
601
534
37
254
225
303
480
673
570
193
105
370
72
663
694
150
164
510
210
31
444
412
682
712
217
61
287
142
436
28
410
293
168
430
144
700
558
354
713
276
731
552
404
529
157
86
661
5
383
304
545
589
48
536
298
326
212
78
620
509
408
283
494
243
257
74
151
19
260
116
476
371
358
46
488
230
605
547
522
572
688
433
49
677
624
474
367
706
543
724
500
691
166
344
678
584
6
729
709
657
549
224
305
237
173
56
57
437
255
183
422
7
643
495
211
501
626
453
214
118
351
389
634
632
179
615
177
676
486
336
312
333
70
65
190
33
448
251
108
191
523
115
259
592
593
122
586
708
248
109
497
239
485
368
562
3
548
456
528
252
655
477
23
424
280
233
81
22
564
563
498
491
613
379
721
693
213
597
85
390
608
18
194
102
533
364
540
186
269
542
246
113
53
51
580
120
366
141
650
111
730
546
172
216
394
202
499
244
521
110
