1760
1687
1296
736
3867
2281
6404
6469
4455
329
1084
2407
1994
1726
3377
6399
6604
4033
3996
5998
3388
4269
758
537
2079
3714
2090
5447
6667
3978
4904
6499
5492
1839
648
6309
4151
6557
6093
645
2383
4827
1715
3673
559
6877
338
6449
4932
1735
3938
2930
3415
5041
4782
6627
1790
6250
4733
5104
4771
3611
2001
4516
6859
4407
3257
4788
790
1728
5952
1635
3106
5288
2271
1639
5708
2076
4420
5233
2810
2762
1257
540
4020
6728
4942
5968
4660
632
2369
5440
668
1849
2699
3779
936
6361
643
563
157
3804
796
4850
2800
1529
916
3050
2521
5870
2796
2592
4718
6832
4990
976
1429
2085
6507
1275
6555
4184
3712
1110
5712
1111
1437
6873
6102
4645
3346
1405
4003
474
2005
4113
1106
1883
6714
6892
1836
6014
5733
4649
35
5377
828
5081
6780
3621
6430
4080
3788
1638
2958
3554
5386
5947
5282
4518
1228
5882
2818
2975
1004
705
2491
1295
4610
6677
1365
4287
896
1933
1425
2376
885
4478
1673
535
5471
5431
5965
404
2660
4710
2986
1430
5607
2531
222
4487
3349
1170
2459
3488
923
2394
529
134
6831
4249
5333
4783
1817
51
935
667
1197
940
6017
6806
234
5346
5350
1373
1807
6057
4189
3628
6899
1
1389
4835
6472
1370
186
1799
5861
2686
5341
1778
1650
4419
3664
6260
425
650
5758
5741
3442
4991
4681
819
5262
1762
1185
4592
473
2433
5822
3282
3312
2539
2642
476
6039
1393
4818
4286
5354
5507
18
5795
5080
5323
4271
641
6475
3493
3834
1631
5561
3114
4867
1946
349
3141
6091
2978
15
805
5939
1441
2897
4014
1364
5030
2426
3227
5332
6276
522
5837
6172
6244
4450
2384
5428
1246
6213
2309
1919
4780
5702
6493
5343
6389
882
4371
2390
334
2631
2019
248
5057
2425
5690
3749
501
954
2482
1915
2198
102
4401
2246
3630
358
3787
5843
2040
1270
6053
5900
6365
5131
5177
1458
5197
4464
3911
810
402
6209
811
2174
1512
5116
5595
6656
6132
723
4797
3854
6824
5154
6595
4191
6143
6479
6866
2144
3037
735
270
4221
834
4903
424
3469
6128
932
6585
3185
6187
4187
5750
6481
4651
3414
6170
4589
6466
4439
4658
5533
4861
3957
6552
3432
5226
6563
2374
6145
2733
4620
4557
6682
798
4958
6715
5486
1148
6074
3693
5037
113
1317
408
61
6420
1662
3124
1356
3078
4601
5602
6101
3066
5172
6195
4941
6108
4628
3794
6518
743
1630
396
1354
2734
1319
2274
3670
241
3247
5796
5836
2278
1531
1767
3803
669
4302
5310
1840
6834
5102
3231
1036
5483
3708
3936
5211
5806
4491
426
5932
2751
6354
4346
5611
4693
3812
3920
5889
5101
4653
6056
980
3859
2251
3440
6484
1465
2294
86
4673
2467
5653
5078
6709
914
5301
5363
1647
1903
5396
5535
6514
2879
3908
204
3832
195
2106
131
1922
557
558
4326
639
5182
809
5244
6668
849
2576
297
3489
5185
6046
1358
5141
5736
6665
561
5942
1323
6723
223
4572
6322
5921
5948
4707
6642
6270
4353
6287
1157
1209
2934
5943
1918
2982
998
4540
5297
2516
779
3421
2754
5387
2329
2719
6571
3339
2441
1541
2863
3389
5912
1114
5320
5461
5502
3291
3480
4619
6380
5778
6241
56
1909
4901
487
3615
1801
3194
4804
2181
3362
1758
5554
2735
702
6528
4078
2002
2341
3027
3528
6791
1733
3223
3507
3620
177
5269
4566
3089
1912
644
14
423
6889
3855
3207
2602
3104
5815
1444
1173
5979
5495
3293
5687
5665
3473
6451
2084
5740
2130
4390
3120
5206
3474
360
6073
6016
5845
421
3514
1626
749
6743
339
899
4180
6625
6833
1002
4822
77
3597
2857
2333
2471
2969
6501
3526
918
4979
6127
167
6191
4110
3530
613
2652
6233
6683
5865
4819
2477
513
791
3780
3705
6640
5974
2288
4433
1176
5362
741
4013
4962
3284
6646
5184
410
4050
5613
4418
3478
1908
3721
6248
548
1557
4260
5331
1905
4633
818
1961
6620
323
259
377
6340
5549
6572
5429
225
4885
4460
2582
3164
1501
1076
4444
4486
2964
468
3103
6048
1920
739
4505
4702
707
133
6789
337
1906
5583
6663
3190
4306
906
6463
5355
4341
6339
305
10
5344
1805
5452
456
4674
4820
3975
5545
786
3372
5962
6849
2147
4996
4876
6080
3219
5142
3451
2627
4456
4851
1884
1898
4290
151
1895
6770
1601
1392
3002
6030
1644
3226
5318
861
2492
6188
2869
6810
4894
6838
5302
2346
1478
1640
567
5321
2716
2678
292
4007
1624
5904
3222
2893
3028
4243
1025
6590
472
1865
652
2570
4754
6883
1777
1174
5245
4157
3580
6025
2012
3416
4355
5212
1522
2597
5203
6621
1878
5105
3501
6568
3201
2545
1743
6119
92
5609
369
824
6210
295
1326
4168
5026
4504
1165
4950
4539
3239
3655
3652
1068
4388
4613
4666
1667
3221
3642
1584
4445
3151
4122
986
4546
2945
813
3091
1629
2704
504
6071
3249
2806
941
466
2763
6081
1589
6419
3041
2772
2923
6602
3981
2217
6351
6478
271
3019
4196
700
2850
4877
5999
449
1857
207
1245
1911
350
6505
6679
5644
229
6817
1231
892
6823
4792
5876
40
1979
3718
3766
3108
1006
1978
1513
6857
1669
5871
589
4387
2148
6403
3737
95
5608
6363
345
2197
6696
4898
4179
4559
5830
5769
4907
5085
2534
4661
727
216
2093
6811
1255
2844
6546
5119
5381
4218
1471
3711
3484
5247
5558
3210
1925
2573
1298
5218
6678
3639
1162
2108
3969
5542
3023
2270
873
4029
4799
6732
2180
3965
5738
149
5696
5856
4569
4879
442
3836
291
3800
2465
4768
6878
6888
2401
5501
5863
4836
5718
1310
397
1923
3085
3071
4700
6543
6138
1470
5348
6473
2034
285
5514
5180
3031
2822
547
6895
2876
1292
6788
3600
919
1322
3609
2399
5391
3337
5703
2245
539
5701
1544
2279
5864
150
4106
4234
1192
2726
4500
1211
6377
1586
5868
6534
6156
2834
6237
2575
5444
6264
4130
2917
489
5620
5303
5306
1896
3465
6461
4327
5248
5742
2483
2615
3452
3924
6206
5292
6305
534
4727
333
6376
4555
3334
893
6024
1259
5052
336
3411
4663
6015
3229
2351
4564
1412
2237
6047
3543
4323
5430
137
1239
5045
5787
4588
3057
1983
1415
6437
3709
4482
2693
8
5586
3189
6783
3557
6069
1496
2993
6424
144
2191
4133
5123
4018
5110
542
4621
1445
3384
2272
3111
4965
2566
2883
83
5525
6076
5523
5151
6440
5307
2324
2690
5126
3147
5588
5503
574
5651
2036
3613
514
465
4052
3726
4048
686
1050
4197
2831
1689
5828
6342
3016
4562
4358
141
6345
6455
6872
4896
752
2038
2954
5896
493
6153
5435
1608
913
3235
4584
5268
5489
3070
4279
3340
3955
3087
3833
5674
3294
1969
2256
440
3658
2700
2643
616
3991
2201
3922
6713
1285
4204
101
2556
4222
1194
5254
6349
3245
1516
6005
4169
3685
1304
266
5678
6130
1300
4403
3502
6880
6274
5091
3426
6510
6167
5966
2874
1132
5794
2904
3945
3756
2866
4889
2132
5910
2047
3845
454
5834
4596
6617
2547
452
4563
1666
5530
2541
432
2400
2393
2061
2432
6161
854
2891
6242
615
5679
2498
2039
4239
581
1974
4585
4914
6708
2060
6673
2996
3706
6155
4027
2381
6814
4946
5857
4192
3617
5691
4340
2916
1957
5652
4600
2550
3446
664
4381
2942
2805
2345
2976
1822
3302
5505
2449
348
5286
3758
5417
2296
625
797
4226
3669
4561
977
3746
2697
2123
6337
5589
2140
6446
3511
5147
3592
884
2913
2859
2413
5749
3563
4556
3261
5021
3503
2931
6757
3112
4348
6554
3879
4111
5375
5443
596
4404
4714
5242
5893
533
233
3129
4517
2424
5504
2360
6540
2636
5997
2129
2985
2473
2790
45
4225
3094
2939
5700
4637
5441
4337
2478
373
888
2890
3885
2022
2736
2439
1859
4911
1404
5878
6815
2745
4740
6346
3993
4670
6729
5491
3858
6087
2826
881
6094
5240
948
4864
4085
5748
4954
1888
4396
2674
4405
6898
5661
604
6622
654
154
1456
5885
5043
3698
3080
2026
5675
318
4856
355
1519
4870
2033
6512
3228
136
163
6538
536
1426
4959
6839
1311
1861
2260
1947
1939
2507
4430
5754
3015
1686
2
759
765
5074
1632
2391
4334
6844
1287
1543
4120
6489
985
3653
5392
6201
4247
4372
1734
6586
1698
153
5088
3300
5296
6750
4837
5627
5714
996
2848
1414
2357
2929
6304
731
6000
4755
1402
2497
4035
2824
135
6579
1126
816
3931
4270
5416
3910
5342
591
4671
1155
6107
1563
1706
5249
185
3919
1502
4434
3728
4568
1108
4166
1553
4735
2017
2053
5929
3020
4363
5604
5770
2639
5402
3591
6385
1307
6152
4102
4805
4746
6808
3555
71
1596
3166
4416
2912
5850
891
5860
6559
3447
5228
4442
3216
5278
3634
4749
990
2946
2638
6336
2562
1421
2624
3196
3601
6070
90
2020
524
2087
2035
2740
4969
2679
1163
2474
6522
5488
2048
4999
3246
1472
3541
4711
1200
867
6408
6284
1253
2947
6634
4331
246
2555
6705
1026
301
5519
4604
6562
6413
3217
764
2138
602
572
62
3248
5920
385
4328
5130
6296
6216
1714
3273
4815
5103
1746
1819
79
6366
2068
171
190
4860
4581
3949
2911
4112
5540
2016
3496
460
605
1061
4523
268
5079
4389
5094
1447
1929
1452
6432
1042
6694
3984
3967
5208
673
1079
3874
6701
37
3937
4995
1964
5153
6795
3424
6792
3838
6615
2273
4475
1948
1683
4128
5699
6462
2185
2802
5552
4471
3381
3320
1003
3045
5191
2915
4083
3132
5517
58
1301
801
5596
2225
857
1413
3203
4141
4778
448
3344
4570
2421
4345
2380
6023
3064
1942
5166
1935
1894
1290
2780
997
457
3369
2247
2137
5801
946
2533
5376
5682
5779
1765
908
5024
1855
2059
2487
3801
4307
4144
3748
4148
5192
3631
1348
6061
577
12
28
1551
6412
6126
3309
6298
1506
2965
2746
290
282
2774
4477
4922
480
4485
4124
2580
4367
3200
2111
1811
6013
6868
3863
2196
4376
3011
5457
5308
852
762
3390
2385
6177
2440
6582
3468
1260
2560
1086
740
1419
1675
6267
4329
1074
5544
59
4443
2920
2886
4202
4338
6674
2207
5606
5839
1091
3169
479
3167
1037
1044
215
3850
3887
4639
3930
2458
4908
6141
1057
2898
1417
1838
485
6565
4795
4752
2359
1138
2468
6726
2854
1187
1556
2743
3403
868
447
320
785
1528
1340
2599
4163
6566
2032
1479
1230
269
684
5065
6439
4573
1035
5316
3897
3459
2313
2013
754
3578
4577
802
6088
3439
492
5531
6120
3567
4201
5404
3964
6211
5721
6165
3512
6890
3827
97
4432
1116
3225
3596
5768
5755
4745
1993
4317
4751
5496
898
6416
4859
6454
3521
3494
3525
5385
6423
5720
6614
132
675
3722
120
2651
2720
5311
874
5506
5881
2050
4983
6737
2715
2030
1394
3534
371
6394
5460
6515
825
1382
2828
2160
5084
5412
6356
2418
4929
507
812
2157
4000
6487
4319
1205
2620
6037
5426
5551
1990
6219
4593
2574
1697
1362
1571
467
5051
3947
5058
2509
427
6589
3286
5641
5038
3574
2295
3437
2769
3660
6148
2105
610
3088
1499
203
855
5592
6884
2662
3817
283
4887
1591
1668
1913
4634
4366
1500
5924
1787
1309
299
6068
4216
6375
5676
1038
1493
1999
1995
2520
2737
2097
2522
1515
3913
6427
6103
2753
3551
1863
5639
365
967
2922
1151
1607
5034
526
2952
2738
657
3926
2585
2749
5219
2368
5693
5252
713
2214
4891
4208
129
2981
1558
109
6245
6731
89
1699
2791
3765
3753
5001
1080
179
4074
435
1989
1480
6252
5406
121
5840
4131
832
2761
1773
5175
5047
3729
3487
6226
1070
5424
5470
4344
1956
2837
6350
2171
2980
3665
1198
6158
2092
5251
4231
5485
1065
3234
2300
3232
6150
3963
6387
4720
3762
3880
416
5673
4812
1097
1977
4316
6217
599
3363
1890
3896
4098
387
3441
594
6178
1005
2949
2647
2741
6109
1866
4101
6494
6075
2819
3313
518
2293
5400
6798
3308
174
1747
6570
2182
208
4579
4394
4481
4843
1462
3644
4549
1124
3135
1020
4905
964
2000
3902
1657
5414
2537
5695
2500
6771
3607
4676
4349
4090
1802
2718
1568
5028
1998
6400
4852
166
1283
249
4237
1051
1725
900
6517
5983
374
6700
4635
2446
678
1766
5976
2004
6580
4213
165
2344
2205
5814
606
5002
5455
4246
5271
1377
4174
1224
3527
527
3435
1247
342
4484
4842
2189
2167
757
5106
5991
4397
2075
3280
307
5563
2291
5745
1202
6302
2525
2685
1457
5111
1179
5555
3150
5334
6222
1745
5729
4318
3254
3126
692
721
5229
3699
751
4177
3883
1619
4256
5467
389
4057
1752
4070
691
3691
6747
6882
1852
5874
532
4490
3323
571
1142
4833
6390
5880
911
1105
6212
5800
218
4657
5059
3605
4688
3860
5808
2238
2552
5295
1375
4185
4857
2177
1336
3056
5632
2997
4402
2756
6758
2070
6681
2902
1899
5775
4512
1691
1140
5823
5108
3059
3825
1702
2206
5812
3589
6214
4142
1526
4282
737
1113
1858
4872
2438
3160
1761
2153
6414
575
719
6860
1654
6407
3001
4167
2845
1534
5697
782
3479
5113
1152
5993
4858
6396
1887
4123
2666
6649
5901
2731
4408
4427
1381
4045
4352
4061
2908
2687
4624
2169
3734
29
4524
2431
340
362
5934
3821
5163
6382
5928
2301
145
6697
4551
776
4854
718
1236
250
5684
205
2658
3861
3193
5162
4159
2319
989
3205
4010
4743
6524
6295
5473
3000
5277
2331
4233
2303
3974
245
903
5276
5756
4452
1181
5287
1071
3736
4632
1660
6018
5000
3118
1345
5156
1346
3764
4945
6610
6773
1339
6072
4324
1062
5744
1312
1537
104
4360
2878
3790
4165
1904
2765
1622
5129
5581
6344
2814
5246
6273
1060
6189
155
1731
2880
904
5760
3327
807
6465
5584
5167
792
5854
2306
4255
13
3215
2713
3407
3176
5773
2654
2025
3188
5888
1100
3882
2843
5257
6558
528
4642
2795
649
4195
5136
3481
357
2974
4789
5217
1804
2187
1467
2661
3843
2450
4034
3864
5132
4268
3039
3333
934
2334
5575
5513
3625
4863
4062
4315
2041
6104
2145
3084
4170
5399
3538
1627
1816
4578
1226
5145
6004
1353
5256
4024
5989
4320
2252
2665
1653
4081
6418
5782
2926
6184
1291
6310
1867
630
6530
5902
1810
2979
5280
6635
4285
4973
2588
3690
2967
6581
6687
2168
6116
3316
5694
3792
1768
3831
4773
5328
298
4881
4719
627
803
5963
2254
1250
2628
570
5438
1233
1504
5425
6383
2503
2233
188
525
3263
1099
6718
5568
2121
6221
5357
5511
219
1578
2519
2953
2501
4762
3648
3046
2412
2173
5356
1015
3035
2398
4476
5813
2813
3549
3477
2158
5366
2091
2611
2411
5227
1517
1223
4756
4722
3842
5210
1327
5272
3184
3374
2232
2827
1251
2098
6685
5466
2591
1934
1641
1705
5534
3138
2644
6314
988
75
768
6574
3662
6891
6745
124
5908
3776
1088
5291
2786
6434
3877
1220
5418
2895
5884
3074
376
4892
5762
3063
3828
1217
886
2995
4875
4499
2792
6847
554
842
3271
4115
4900
4235
3678
930
5515
6471
3856
478
556
1696
2305
5788
3073
455
1288
2614
2553
6587
3113
600
3268
5777
5591
2489
3304
3616
2691
4712
1806
3819
6775
4936
6444
1694
4781
5628
4451
6695
733
4099
5500
3545
921
3519
2623
6686
4193
94
1873
5395
2213
4603
152
2959
1724
947
746
1682
2571
1133
2221
375
2223
1391
6606
6438
2970
1740
436
4694
6060
1136
1665
6632
3559
607
1218
685
4423
6227
403
4511
3454
2218
5329
6531
531
715
3159
3134
6429
4291
170
5140
4626
2088
683
119
4602
4266
1625
5127
6257
2127
4497
5662
6755
6641
4811
5565
2113
5022
0
6179
191
1234
6721
6447
6052
4716
274
4776
6498
30
3707
4252
5797
6223
666
2612
693
4981
2109
1347
1284
2203
1338
697
895
1755
5124
384
2626
2783
4638
6850
6491
311
1963
6384
1678
2151
1081
5011
5726
2752
3636
763
4373
2149
3214
4457
4558
122
232
5067
3851
3356
653
73
3086
3394
4084
1932
2668
2607
3744
4739
3264
2057
1158
200
4199
4920
566
3912
6609
5826
6300
237
4949
1235
775
3252
2392
5898
1791
2496
3586
1685
4438
1237
530
1672
2448
3483
1851
1363
2152
4703
1434
6059
1576
4761
4689
4097
3672
3420
5324
3051
5730
5379
1853
3771
2707
3623
3889
890
5811
2037
6611
2402
4488
2307
5422
5267
3666
5371
4931
2812
2782
1306
1953
5990
4483
1965
1595
6804
3069
4063
1786
1008
1351
2409
624
2989
370
263
4616
4030
806
2175
2243
4038
2284
1565
4424
1012
5671
5139
6231
6762
3090
5164
767
4975
6232
1720
5305
220
5981
3923
1612
3951
5616
4882
4428
3732
3192
5634
1023
330
4229
4498
588
3325
970
2163
1880
3516
2396
6894
2466
5194
1115
1009
5890
2510
2670
580
4652
54
4398
5476
5909
1693
584
1756
2816
4650
4948
6110
6021
5086
2229
4262
3387
4224
3740
1945
5680
4095
4267
2338
1741
6379
3584
6744
3115
3072
2018
1975
4143
2951
4161
3823
5713
5771
4672
1717
3275
2304
6114
4880
471
2840
3453
1854
3182
6768
511
6388
3564
2940
3395
4988
2006
3624
1658
100
3338
2729
9
3422
3795
3092
3052
494
992
3985
5600
5410
1027
841
53
4250
2410
5326
4032
4093
2204
1497
5146
265
6259
4553
4606
6121
5633
3443
6034
3365
5954
6746
4884
5238
7
5711
213
3561
1931
2675
1926
5911
1342
1407
6064
1891
6763
1378
5582
4301
3529
6504
2141
4469
3552
2987
6638
808
2867
50
1324
4925
2724
444
4384
1420
1269
3785
3117
2921
1902
5193
1940
1167
3844
2443
1588
6672
3731
3960
4332
2486
2292
839
1122
2621
3449
1988
2315
6224
2280
5122
2220
1826
5408
546
4736
4648
2242
2992
4440
2759
3789
672
1013
1303
3770
2445
6863
1401
5987
159
306
2515
2852
6327
3010
1064
5499
544
4183
5190
335
1815
3905
4276
1594
5937
6740
836
2672
552
252
1059
864
1455
1655
3774
3197
1941
6856
2350
5056
4214
1183
6443
2773
172
3909
6879
1864
491
4036
2062
5082
6836
2694
3243
6272
5625
1321
5953
5222
3934
742
5949
6243
1029
2542
5938
1063
4369
2139
1169
1555
5781
257
2178
5915
6719
5449
4026
5411
5077
4134
3743
820
1190
4644
5187
508
2377
347
142
3680
3618
4810
138
6633
2960
851
5039
3131
3509
659
2502
4347
4643
3730
5474
1508
730
3839
5956
5905
3412
2362
5630
2316
2937
583
972
5266
3715
2312
2115
3256
453
5407
3500
1828
3695
3274
6306
5649
281
6129
5359
3025
4289
3814
1214
2760
1795
6425
4984
6029
6328
3060
226
4655
4923
6742
1505
1366
1232
1774
2164
714
1442
910
3515
5610
3107
4414
2645
4785
6760
1117
4816
560
162
5351
1428
5450
1028
3987
4605
164
1241
5852
671
3318
1848
3568
3021
5580
2581
1916
3358
3054
67
4263
5442
1921
411
4238
2618
1409
4118
3783
5144
2948
2578
1137
608
5335
3368
1386
4496
3101
2107
393
4753
6724
955
4025
1523
614
6105
2339
1971
4051
2871
6089
1048
5825
5319
74
2963
4667
2935
6535
2444
4164
3654
4623
3237
1331
2598
6321
4646
4617
3961
6897
4834
4507
5121
5023
4172
314
4630
5831
5723
4245
6458
6398
1278
4446
3332
6675
6341
1109
4536
5152
3491
4465
3650
3153
1371
5480
148
1213
3067
6549
5574
2261
6779
4828
4351
6734
5260
4449
5138
4921
902
5259
4935
5645
6809
6802
6281
4869
461
1308
5036
4077
4044
3324
1677
1199
3405
981
4322
1123
2568
6373
2389
6277
217
4571
2200
6561
244
4011
5171
1545
197
4089
1072
6397
1862
1621
6329
99
55
6468
1562
1159
3802
4023
1481
6181
2249
1844
3588
1135
6577
5618
3869
366
363
3752
617
5785
766
3593
5605
3571
5537
3958
4066
3544
2253
2216
1107
1498
928
4554
5747
5458
6326
2434
5469
1454
3272
5510
3895
5235
5061
4178
24
6323
5040
6
6225
1605
4839
1034
6391
703
6263
4912
6415
772
6474
956
687
883
3700
4145
5969
6374
3768
3076
3811
169
688
2363
5790
6575
1053
2909
2758
4939
4994
6693
2202
2892
1616
3005
2506
4292
3292
3972
1648
4656
4299
2388
2801
5289
3490
6085
1032
6797
6516
1096
1598
3572
3517
4970
2146
316
353
5833
3870
2328
564
3241
726
550
5717
346
5209
2630
6183
3995
4668
5007
4809
6190
3236
6896
6368
2788
4545
2540
2838
5015
4413
1161
5832
2102
1473
5686
49
5522
4738
5099
2717
3942
4915
3614
3142
5198
6778
1674
994
2209
1094
3499
2264
1139
1972
848
6483
6280
4364
2894
5772
592
140
5918
6154
833
1850
5005
1127
3269
194
1262
6503
5654
3366
3444
6598
5283
3781
1527
4779
238
3379
47
974
1967
907
2664
3547
6482
1750
5638
1256
4278
5520
1078
5617
6748
6858
72
3702
4541
878
5737
1877
183
1055
5688
6054
3471
689
3904
6766
2099
2548
1332
6208
4845
5683
4675
2962
2655
4312
2905
1459
3036
1821
3971
1973
5263
1090
3024
2094
6684
1707
1793
5029
4304
4519
4205
5550
1418
3485
3345
1704
4522
2887
4072
6338
143
5369
756
4748
5985
5640
3837
3144
6564
3007
3105
4211
2907
4547
4866
6460
4744
598
2590
5031
1361
6523
3409
5903
430
3417
4916
2451
5265
3307
6431
562
1769
859
3466
6654
2779
33
3799
909
4310
4293
5360
5419
1030
1757
264
3396
3136
1168
939
1451
1962
6650
3862
1085
1432
4679
278
1841
2186
4695
2269
4277
5365
4227
4582
1875
4659
2236
6511
699
2447
2811
3649
5538
5759
5174
6532
5655
6497
5972
777
5805
488
4868
2739
6881
4701
4682
3371
586
1615
422
519
1901
4544
5512
6200
2885
6712
6254
4182
2742
2524
4417
747
5660
1302
517
4807
3399
3116
5223
2283
1314
5493
3532
2081
4065
126
5529
5201
5899
6113
3408
2104
280
2579
5014
1886
770
407
5891
4552
2222
6830
1781
1196
4574
5647
6573
1147
4212
2155
221
2856
2610
4453
4763
4538
2063
2903
2499
843
5809
3697
3524
3240
3448
665
1387
5598
5202
6735
5148
6236
2470
6124
5214
5358
4698
6730
2159
482
2255
5075
1785
3267
3168
3808
3283
463
553
2219
66
6180
924
2797
619
1011
3498
773
541
16
5907
2512
1843
2820
1448
3438
6853
1992
3899
5669
711
1700
309
2408
4696
5401
2684
1548
3096
5012
4079
1574
3540
2956
6229
4725
3321
19
6185
3915
4510
6409
1488
3130
3786
3807
662
1215
5020
6689
6569
6357
3556
4608
3355
3306
313
1153
1240
5232
4186
3686
503
3966
4708
5479
4595
2564
2637
2629
1485
1824
5497
3651
6131
2882
324
2343
4228
5819
199
5155
6312
1041
3891
4873
4146
6358
1814
6422
4136
3747
5481
4297
3533
3608
3047
139
2870
6835
5886
943
5176
6545
3531
3760
6268
2999
5273
6249
993
5862
2648
2723
5946
3170
1690
2096
6655
5667
2352
4461
1701
3701
1599
2991
3464
3622
5527
4135
4264
5543
5847
6230
957
5569
2112
1581
4527
4529
6749
3635
3925
3062
2100
4806
6269
1780
5133
3385
4258
3970
351
3806
2241
3710
3881
635
2355
3720
4470
3643
4076
5838
4678
3886
5063
3233
3759
6192
1860
2136
388
2605
2416
115
6887
6756
612
2086
6486
2462
3128
3772
2835
3393
6769
4103
3376
5557
778
1024
674
4426
3585
590
5347
2702
5066
5906
3242
3331
4272
2798
6828
3298
3162
4472
1830
6661
4989
4474
5821
1813
6526
1661
417
98
4750
6040
1398
5281
3723
6426
6278
5253
5804
321
6160
6335
1229
2234
6038
38
3329
712
6520
3884
5853
3632
293
2601
3952
434
4037
3397
1446
5536
214
2984
6691
63
4203
1098
5705
549
3301
6870
6096
2114
2933
3906
2405
3852
4343
6159
5264
3777
5117
1987
4314
720
3687
1712
6001
4508
3335
4808
1955
717
3775
5134
2549
1052
4874
4978
242
3238
5250
20
6651
5564
5707
5793
3562
521
4257
3822
771
815
5846
1637
470
3505
4437
1277
3099
378
1742
879
681
6097
2875
4723
6643
4629
2257
3542
6022
6876
3830
1359
6862
3022
4147
5477
5614
6362
4531
5025
5578
254
5482
6386
2527
3061
5672
3694
2518
3281
4412
5761
1056
3460
5524
4406
3152
926
367
5258
4004
6658
538
2119
1533
1349
5725
1154
6825
6636
1385
5314
829
6330
5327
3876
2128
3208
1676
3587
706
1917
2764
4386
597
1045
1521
3637
704
5967
1566
2125
44
3751
5757
4787
6703
3419
4758
2031
6301
5763
4495
5089
414
5054
3367
6452
2461
2298
2023
5017
5817
1684
3684
1577
1503
2054
2021
4683
6467
3570
3745
1095
3296
965
5173
5183
2240
6767
4154
4565
5432
3846
69
1266
4767
331
5336
944
3916
4232
1083
4001
827
4886
6547
6513
6588
6629
5982
5698
3741
1606
2755
1772
2727
5213
2640
3659
1709
5913
5382
5322
3796
409
3277
2268
2567
6196
1954
3894
4308
1727
6652
2228
1166
1280
6353
464
2961
6319
4662
3143
81
6843
1416
1514
441
2120
3988
1585
4525
5648
5195
1184
5284
1636
288
1424
3328
6288
6203
2832
638
4832
5069
2594
1101
1344
6111
6003
6077
6204
1613
4244
5120
2858
6283
5053
2900
3520
304
509
3013
2373
5955
419
626
933
6139
512
2419
2078
5546
4829
201
5780
3495
6020
1730
1879
5064
1579
483
3865
2862
582
738
3619
3579
6509
680
5727
310
6282
4798
5
6801
6706
2250
4944
2554
4392
2210
2966
716
3289
3180
1593
2386
4927
4721
3953
4459
2577
1872
3140
5216
6519
4862
1609
3125
6370
3667
2705
3898
5349
1966
6325
450
4757
6702
2231
1722
2830
228
1143
2083
6311
6253
4964
4104
161
5637
1355
5827
4160
3380
3433
6608
3008
3244
3602
2808
2199
4502
6707
4769
3350
392
6741
4309
5867
5093
5872
5114
1560
2619
3977
6601
5855
4775
5115
2771
4614
2364
429
3357
863
1118
6045
6428
5330
5073
4410
5799
4156
3353
4853
2804
2646
5619
6157
5205
6867
2285
6106
2192
5992
5746
4005
4096
48
1847
629
3270
3675
4274
1812
2066
6784
3998
359
3139
4684
5858
690
3209
2493
4150
2559
3018
5977
2286
4467
2211
6149
4957
6803
3373
43
2587
568
835
5894
6785
1049
3204
1775
2847
4368
2696
302
1320
4265
6050
4963
2695
5374
5590
1681
128
1628
2183
975
1583
4253
1868
390
4008
847
4575
253
5716
308
2027
4977
4612
3100
3287
5046
5239
2667
2899
748
1530
210
2179
3739
2622
3178
1372
5579
979
3404
2045
5437
4888
860
760
1729
2302
3191
499
2842
3122
4409
6144
2595
6315
4458
383
1046
5765
3733
3149
5635
31
1156
4361
6198
6456
6793
2641
6162
3230
3735
551
2778
4961
6343
3638
2336
5397
4734
5109
4223
2747
3457
34
3914
175
1436
2919
5677
2055
937
3537
6142
4296
4393
6671
6307
4494
1549
922
838
6537
4230
3558
1461
4303
1093
2565
6781
4838
1671
1986
4441
1267
275
4283
543
5472
1784
732
1603
6495
1510
5643
999
3956
1796
4597
495
4100
317
5188
303
5636
3594
4127
2073
4706
804
438
3918
6539
4019
1642
5951
569
4132
6371
3410
2188
894
6886
3450
4955
1842
1189
4082
5692
1483
6193
4509
3504
6234
372
1564
4022
6402
1242
1273
1075
6136
4514
2367
677
5158
6286
5734
6659
5032
4300
983
5666
5062
5290
1022
5859
5107
2479
2794
6235
3351
2728
398
1670
5299
3550
2712
1832
1753
3476
4705
1540
4422
6776
52
6151
4855
1271
3049
4242
4847
1131
5940
2536
4685
3359
6818
6044
2673
5189
2122
5013
3933
3683
4992
1400
640
4094
1782
2403
1125
3548
1014
4520
3181
3577
2082
3199
1384
5427
2558
1268
2983
3633
4431
6123
4436
5380
601
3703
5446
2681
2051
4796
1294
971
6299
3939
1818
1764
1937
2943
3674
1077
4968
1360
4618
4088
6733
1219
3171
3646
5960
3954
1207
4241
3640
3805
1524
1897
3761
5704
1182
5753
1754
296
3688
4813
1484
256
2358
4016
951
5035
2968
1352
3754
6006
3835
4823
2632
1928
4580
5978
3959
284
1460
6401
2635
4917
3211
6690
6790
1146
65
5096
1938
4760
1732
5593
6865
2669
3890
4794
2454
6875
5508
289
6405
4791
1930
1996
6355
2297
1040
3278
695
6845
4064
3081
5364
1949
4207
2803
5390
2049
3681
587
1910
4515
6347
1335
3798
5996
6594
4910
6807
5629
1856
4669
386
5337
5112
431
5436
2671
3575
6648
2657
6134
3186
4503
870
2116
5739
1882
1827
2142
2395
3757
2698
4365
6662
2072
1604
2535
3893
2918
6846
4009
2663
3431
1406
6255
1980
1018
3486
5135
2748
555
1559
6168
2532
4109
6787
6012
4728
3260
5844
6294
6169
1130
6603
6202
5597
3347
4641
5995
1695
3946
1350
789
1618
4691
3034
224
5462
60
3032
6031
3029
3663
6542
4139
5143
2150
3472
794
6197
3950
6637
1244
5241
4690
1328
209
2744
1597
5274
300
1536
3315
6256
5970
6082
5728
2110
6657
4506
2973
3907
1552
850
2014
6140
2134
5270
6848
6799
3989
2721
3017
4463
5149
4056
2781
4801
1788
2166
3784
25
2356
5304
1297
6851
4997
3095
745
5225
6099
3767
4379
5009
2494
1968
1659
4878
1710
3598
4924
929
620
3303
326
4615
6492
4840
4040
4198
4831
2239
1546
2423
6433
4953
1679
5309
3944
6841
110
6556
799
3445
3522
2653
1067
3903
826
4429
2807
6840
5803
2029
4362
57
2889
4
2873
354
576
4893
451
5345
176
5539
11
1293
1453
4493
3492
3497
3370
655
912
125
395
1010
4294
1538
2656
4333
5576
1803
3044
3127
3921
4664
2994
1221
475
2194
510
1276
2230
4012
4411
5866
116
3343
4171
2677
4943
2118
3603
3158
2881
189
5975
3146
6871
6624
6864
817
368
5848
1334
2265
2683
6736
420
4152
1315
1871
6829
1792
4117
3763
6026
3679
1254
755
5433
2613
26
505
4982
3253
4210
4895
5484
1719
4091
6664
3163
4321
2308
661
5220
6247
1206
1092
3917
4153
1718
2682
1007
4217
84
2095
1222
2010
2248
1823
3119
5658
4138
3012
2378
3696
2770
2563
5931
6332
3990
2609
1511
5875
1567
5434
2864
2074
1128
1369
2861
3456
1924
5553
6628
4006
3676
1073
2508
2528
3820
3348
2544
459
5092
4770
869
1798
2955
4377
1487
1450
1164
3546
4654
2529
960
272
1466
2340
2422
5394
3994
5818
6893
1997
1927
1885
3401
2463
753
406
2480
2472
769
5923
2928
3656
1783
6028
4951
3364
2633
3121
2884
3391
2513
4181
4537
3295
212
1112
5622
5919
1520
6738
725
1736
27
3040
1343
3829
5935
1188
1172
6395
415
1134
2455
6308
5816
4640
603
6065
6639
2235
5599
3573
2165
4281
4599
5339
5897
5621
4479
391
5451
6411
6205
3195
4960
2190
5971
4042
3582
2584
4447
4607
1330
611
227
5573
6837
6548
1089
5378
788
5340
4043
880
5415
4158
1208
5528
5161
4846
5070
3173
418
761
968
927
2007
6036
5463
2853
1820
5243
3986
2212
5060
4800
845
6772
6381
5464
180
6584
3629
2135
2936
4631
4295
6827
5352
2429
1299
1797
3976
618
2460
5922
2809
1981
6623
1645
963
1737
1069
6496
88
1397
1739
4987
4108
6819
3279
4339
1475
4897
4049
2244
4913
2195
5731
1617
2551
2404
4986
6215
6320
5623
795
2526
6774
651
1907
1610
1646
1431
931
710
2101
4116
5879
3641
4378
3535
2481
286
6067
823
734
3576
6324
4967
2089
1318
3606
6644
6821
3375
5383
1960
2825
5237
1876
2589
6239
6826
4059
6421
1738
6182
5784
3692
490
5936
3599
2776
1881
5048
5125
251
4793
4391
6761
5468
1580
5767
5752
636
1486
5646
6699
22
4609
4731
4814
5925
1374
6448
2224
1368
6583
633
5585
3055
36
6653
4395
4849
1001
2476
4611
4251
2799
3818
6764
5071
332
2793
5941
6359
1680
4732
239
5829
2382
2420
1649
6800
2650
6079
107
2067
4125
6289
4871
1411
3429
3627
3250
6550
2332
2366
656
6360
6122
1274
6392
1834
2015
6490
5370
1376
3423
2322
4336
6112
2397
5420
4956
1570
181
6032
5986
3647
2028
4462
3539
6670
1958
5160
4715
4591
3935
1869
6271
4374
6645
5298
4350
1771
4357
2117
2103
1914
800
5361
1191
2710
3826
5851
862
4114
6147
623
3661
4513
2314
103
5128
6090
2326
46
6441
6176
646
6752
694
5313
4594
6008
3626
5612
3177
2725
876
130
6393
3285
5559
4335
5118
5892
6476
5445
6163
1433
3948
1289
4699
5234
1439
1261
500
1663
1468
1047
2475
4759
3258
1216
1399
497
3565
1017
3003
1489
2310
3717
1721
1087
6605
3612
2124
2193
1900
1313
4047
958
973
5170
3657
196
184
3929
405
6521
6442
5774
5409
4480
844
781
1703
2495
2354
4899
341
4542
1464
3382
3581
6033
6597
2176
5650
858
5076
3797
6207
4535
1944
2851
1620
4930
3322
5668
523
446
1575
2436
6666
6251
637
3065
4380
1423
2775
4400
4906
3068
4248
787
5231
6631
5200
3901
6246
2596
722
3187
3392
1554
2406
5448
5518
2906
2464
5541
5724
4215
3154
4220
1590
3378
4087
4713
6553
4998
729
3006
4784
565
6618
5945
5068
1175
1959
1210
5016
5961
1569
3266
4532
4121
4105
6313
315
1794
6164
117
4200
6717
4598
3553
4129
5560
6367
4209
5516
6166
6578
4590
5019
5157
3297
4530
5869
1874
4560
32
4729
4526
987
5300
1789
6078
42
4275
2008
2836
5439
4046
4053
6417
3133
3342
5453
356
231
6704
3156
2170
5917
2860
2757
1201
5810
4928
2453
1561
961
3932
2977
5764
2370
4054
462
4647
5916
2680
4288
3900
5572
4741
443
2944
1129
6739
2750
156
277
2823
2276
5930
5959
5642
6098
394
2586
6333
3689
4533
2277
5169
6011
1408
4284
6125
4802
4356
352
1587
6822
3875
3583
5883
3470
6459
2337
6146
4697
6410
1664
1286
6435
1846
1950
1120
952
1507
2488
6576
2320
211
6035
4017
3888
2289
2485
91
6007
2708
6607
2910
258
2077
5150
2226
3033
4926
3513
2043
4342
1016
2767
5751
2044
6854
178
3265
1542
3413
6027
595
2143
6698
5776
3518
3873
6488
1238
5681
5958
4086
3871
2616
6457
4069
2914
160
871
1592
1477
6042
6786
6533
3724
3853
682
2435
1572
2161
4448
925
319
6782
5181
1333
3824
5657
6812
6290
413
4786
2634
3725
585
4583
4890
4149
984
5027
6261
4841
6647
5715
6596
1845
1272
4665
4966
1692
6372
1249
6051
1443
2282
1600
1970
3569
3857
17
1494
4636
959
6676
905
1708
5842
6171
5783
3872
2938
2154
3336
991
6117
206
1809
5571
2561
78
5601
3030
2511
5100
5933
2517
3202
6058
6525
6796
1379
1265
1102
1943
1021
2275
1602
4902
2131
4137
2839
6275
3892
3982
5792
3175
3427
2024
4092
4119
5570
1550
1831
2896
5735
3183
5802
3398
4774
1482
4126
1474
901
1634
1776
4825
2572
198
2849
3434
3508
1043
235
6186
4550
1656
5055
2583
3179
2172
3610
2263
4383
708
1476
982
2865
1119
658
4060
2504
3418
5236
1227
4726
3102
3878
5368
1633
4399
2490
3075
112
853
1410
1759
4952
1985
399
2692
4382
4724
2372
3668
5294
5083
6626
1492
4330
1388
2080
4821
4742
3791
6759
1889
4240
4848
168
5798
5719
4175
5786
312
2688
915
4188
230
6135
3311
4375
5824
793
831
516
1141
2538
4803
995
2932
4764
4521
2415
5631
64
4002
4627
6820
4919
3773
622
2335
5944
978
5159
6591
5261
6805
3288
3523
3840
6680
5594
3782
1193
709
6470
3361
260
634
1204
1403
3482
1264
4162
2065
6720
322
969
3461
486
2262
3816
6406
728
6669
647
2722
3848
6551
2777
2604
1180
4473
6794
2514
3098
146
3868
6218
837
1177
5367
1121
2042
1212
5087
5566
4826
5980
3109
6502
5199
5325
4068
3354
5315
676
5766
6630
6228
1178
3671
579
5389
3383
114
917
4765
2817
6292
173
5221
5224
1435
1800
3462
5097
3997
6083
5709
364
2617
2071
4075
3968
1643
2569
698
240
2676
2709
1282
6711
2428
3110
3682
5006
3341
1716
3463
1539
5487
4817
2924
496
1341
4489
506
660
2901
70
6318
2069
2311
6816
3999
920
3014
1039
5033
5685
4298
1651
2330
6009
4194
6754
2998
6173
4974
445
4501
2608
6869
2456
5689
6066
39
6842
2215
5044
2957
1749
5849
1058
1509
2659
5018
1281
361
3077
6378
5478
6002
6710
1279
105
2990
147
1258
5927
4073
2052
1263
6544
3738
962
3810
6885
5926
4934
6593
4883
325
5615
1160
2417
5372
4972
3305
3317
3314
41
6453
750
3992
1748
2689
1623
6716
6010
6019
520
1984
840
846
3506
5603
783
1491
3137
1982
5656
4173
4031
6527
3251
780
3778
5626
3943
5384
679
2941
2325
6506
1082
4587
4704
1225
5973
5950
502
4071
6480
3458
262
6041
866
2787
5008
2855
2133
106
3224
865
2846
3813
3979
3560
3082
6369
4933
76
4938
4021
2184
4354
5207
3425
3847
5521
5165
3467
328
621
6500
6445
193
5042
5312
1495
379
21
4543
3220
5532
5873
3165
2208
4385
4176
6613
5403
2064
2348
6688
830
4190
872
609
2988
942
1066
814
5659
6092
887
4766
477
6055
1518
5178
3259
2323
3038
3083
1532
2379
5562
2714
1357
2872
1463
2600
5706
663
380
4677
3004
6063
4058
5004
4305
5494
1525
3849
1203
6118
1829
2227
1870
966
5279
889
4865
3123
1723
1149
4680
5423
2259
4790
5895
1033
6765
3750
5887
2768
6692
4415
1195
5556
2766
6293
3093
6316
2505
4686
2457
4028
6331
4692
2058
6084
2530
2821
4980
6095
6852
3161
3962
5459
2318
6086
4140
6450
6529
6727
3928
1892
1614
2711
2361
2371
6874
3198
3290
3455
3157
2321
6436
6266
4567
1535
593
5548
1171
3793
822
6567
2972
2442
255
6049
2950
5393
1367
2353
5010
4425
1252
744
2430
4254
1325
5095
87
6352
3042
3400
3704
2546
2649
5835
3402
3595
1144
1763
6062
5098
2299
5421
1449
1395
108
784
400
6240
5577
3043
2267
2317
5624
2732
243
3174
4947
5964
6291
1808
6317
6285
469
1582
6265
6560
381
6722
4468
4844
182
279
5255
85
5179
5877
3927
6599
2387
343
458
4772
4940
5807
276
6619
2347
4528
5293
5413
6137
437
3406
2484
578
5490
6536
127
1547
498
158
4359
6297
950
5454
5984
3352
2868
5398
2785
123
2706
4909
2011
3755
2829
4586
3841
3980
1744
4280
68
4055
4830
412
3079
856
6194
949
6777
4918
3716
5498
3255
5710
3809
3475
5475
1104
1186
6541
1713
1145
6616
2009
481
4107
5743
6100
4015
515
23
5465
1779
3940
2925
3326
2888
1490
5841
2789
3213
327
4155
5509
1837
3145
875
2469
6043
273
2046
2365
2414
953
1469
6133
4259
774
5664
628
4067
3097
5285
6477
1952
5373
3218
3053
4466
1337
247
5456
4622
6262
2056
428
433
96
3719
6364
6175
2543
6813
1611
4747
2603
6592
5230
1329
6485
484
5353
5275
2437
897
2327
5137
3148
4236
5732
4370
2606
2162
5003
5338
1396
6238
3172
3815
1991
2701
111
4273
1383
3428
2730
236
294
3206
1031
2523
1316
2877
4206
5215
3590
1833
1936
631
6855
5204
1390
6861
3866
1711
3276
4219
3510
6753
3048
3026
4971
6258
6174
6612
6348
4730
3727
5789
2971
5317
1825
1000
5405
5567
5168
6508
1427
6334
2703
4576
2841
3330
4993
5722
2287
3310
439
6725
5914
1976
4534
382
670
4717
1751
4454
1380
3604
1103
2557
3536
5587
3973
1573
118
4492
2349
3941
202
2833
2927
821
1248
4687
2784
3983
1150
5050
401
1688
2452
4625
1422
2815
3430
5186
545
5663
938
4261
3299
5049
3
3058
4737
4937
3009
4039
3360
4777
2156
3566
5988
3262
93
1305
5670
287
2427
5994
6115
724
6199
5526
1243
3713
3212
261
4976
6303
3677
1652
5791
877
2126
6660
2266
2258
3742
5072
80
3645
701
4548
1835
696
4041
4311
4421
4709
1054
6600
6279
192
642
4985
3769
5090
3155
1019
6751
344
1438
4824
2290
3436
82
5820
1440
3319
5196
1770
5547
267
573
2625
6464
187
4325
945
6220
5957
3386
1951
2593
4435
2003
2375
2342
4313
1893
5388
