692
354
996
654
1053
52
706
1111
895
1142
983
1116
670
1017
1195
126
994
1155
522
30
50
646
1096
949
487
511
953
987
367
1173
1167
515
312
545
77
1101
605
351
369
609
565
1135
1094
613
727
566
95
673
469
858
962
83
759
1178
945
662
703
510
653
914
553
104
935
160
558
1065
998
1149
825
402
85
1174
956
1159
879
345
984
772
18
1119
1121
602
229
205
1150
546
484
689
128
86
820
981
1191
117
1073
207
208
109
103
579
499
663
424
776
912
1168
198
604
947
1010
379
734
503
999
1037
595
1061
897
306
508
1114
228
1156
505
797
870
696
159
666
969
215
1126
952
626
958
184
234
933
300
1071
314
355
257
918
932
385
500
791
383
552
651
404
1146
324
80
431
1105
657
240
847
19
89
1046
134
726
876
14
377
387
838
1154
502
370
913
1083
90
236
1019
1194
1187
581
450
115
1049
61
704
695
718
671
763
1122
788
824
350
173
119
97
386
336
17
837
322
530
774
225
113
818
413
1127
466
930
175
359
710
437
390
1161
808
1153
186
150
909
679
971
815
974
631
965
1050
372
1193
1055
420
255
34
1196
497
408
664
547
407
458
1128
529
250
476
362
1004
246
668
66
196
380
252
1170
1099
878
152
707
1077
869
1026
979
961
321
235
636
395
410
560
271
1054
915
1129
1157
24
137
829
110
313
597
203
1089
655
643
299
610
467
71
147
27
796
720
328
1176
1041
516
708
1028
567
55
399
569
171
1086
1185
185
840
744
327
1095
490
1162
11
523
735
289
418
233
771
1082
429
10
78
993
144
1056
1063
39
1133
752
926
1058
924
46
63
578
1032
600
492
54
813
213
1158
401
470
754
389
697
347
1001
329
995
1035
64
36
439
693
62
712
56
937
963
23
954
828
624
425
37
15
22
976
212
123
153
339
723
905
873
588
226
489
378
980
1098
690
717
661
360
1090
571
1007
187
891
738
0
139
955
335
860
938
268
448
260
307
548
678
238
1052
1078
830
1005
751
694
1125
251
282
821
665
332
589
617
51
81
1138
270
674
230
244
165
479
40
440
239
790
845
1132
749
719
883
217
375
193
816
521
941
1038
803
453
630
601
1110
447
685
1143
867
1002
1069
1109
170
804
1163
570
338
934
519
281
141
768
1045
950
910
936
88
455
243
748
1130
415
1033
315
69
302
531
615
927
190
206
903
414
273
28
544
166
318
218
786
1023
551
47
972
157
789
518
108
614
586
822
162
1171
977
554
1091
42
658
780
451
145
459
598
438
841
857
770
146
464
762
677
482
245
491
667
802
174
317
105
652
573
669
290
284
741
525
161
393
850
1011
311
419
1
412
1169
612
472
444
901
745
533
209
1152
806
1088
1012
642
528
494
181
923
755
331
568
794
253
348
964
509
929
501
149
1014
204
943
769
1147
493
445
358
297
473
167
540
1084
625
468
247
127
1117
25
594
778
391
481
280
310
899
908
967
622
871
411
638
151
563
1184
1064
112
1136
572
765
524
898
688
534
711
1076
782
94
323
764
644
649
623
1103
676
680
1164
881
45
376
520
793
917
129
278
894
632
1021
35
79
882
942
561
504
33
1008
96
750
779
477
721
946
619
1139
275
1175
4
1181
259
865
101
990
966
986
781
701
405
262
1112
356
211
1180
1060
93
599
526
293
9
656
164
1097
156
784
592
75
41
957
168
991
382
851
702
864
214
698
177
583
21
334
758
277
968
855
863
65
1048
6
507
985
1148
1031
13
143
921
1199
1006
124
577
102
542
777
1027
73
58
461
807
1057
585
884
337
292
866
637
557
746
363
43
133
1141
1140
194
580
364
480
1018
1100
951
474
849
130
1104
82
1092
810
352
357
684
564
834
787
118
219
635
621
231
92
216
852
1009
832
1102
403
84
645
732
925
928
263
272
1062
478
1134
237
38
1108
320
200
1042
596
442
471
713
904
298
1120
888
767
861
432
1039
261
660
880
430
495
189
279
1036
294
29
1072
729
648
361
1080
827
421
346
433
874
49
672
74
647
1165
1051
997
163
805
254
465
1115
285
1177
817
122
373
202
441
384
114
1029
142
136
627
486
353
514
798
512
766
303
154
973
269
659
1188
392
265
629
423
1198
488
877
267
483
326
823
1043
691
743
288
1013
1067
843
460
1020
99
683
457
1040
859
687
87
400
48
811
538
862
291
730
1034
1189
819
67
1197
992
640
853
756
116
98
1131
436
724
180
812
753
559
792
341
222
799
562
158
550
907
223
475
978
587
513
191
496
178
814
889
1030
931
920
650
826
736
220
344
111
1044
210
574
106
989
890
575
434
893
831
5
59
148
349
875
783
801
747
427
1016
714
68
1087
611
498
1137
388
584
970
761
397
785
872
366
44
740
132
1079
705
1000
396
1066
365
454
197
456
1160
896
543
304
446
733
485
582
639
919
7
121
1093
606
241
1192
1015
1166
1179
1024
227
760
868
700
287
940
1186
603
463
844
975
232
183
773
195
628
120
590
634
309
422
916
426
892
72
536
57
242
452
8
959
716
428
53
608
258
842
224
462
532
1022
641
343
188
1172
330
922
32
618
394
308
555
900
885
737
26
709
556
591
249
192
100
1025
301
176
681
722
371
854
839
368
1190
506
295
3
416
266
319
1074
449
887
535
406
944
988
728
91
833
775
60
731
1183
527
1113
633
172
906
1123
12
939
809
1118
836
107
739
620
616
374
276
1107
316
1003
325
1106
848
138
409
549
800
125
131
140
742
305
537
1182
1070
443
221
264
607
886
1075
296
76
398
16
757
70
333
725
256
541
1059
982
686
675
715
593
902
199
2
960
286
179
517
182
948
31
283
682
135
1047
911
539
846
795
342
1081
20
435
1144
856
381
1085
340
835
155
201
1145
1124
1151
169
576
417
1068
699
274
248
