58
533
954
479
398
265
659
935
989
1025
1110
575
620
500
753
26
883
1061
912
321
656
961
458
631
396
358
1092
281
202
341
595
1044
1076
299
482
81
670
386
997
190
29
1123
792
773
584
891
227
980
885
48
313
395
297
522
116
381
269
489
844
808
433
516
173
456
1012
1000
1041
872
430
111
1136
75
918
645
995
459
1057
724
1080
845
576
364
735
790
425
452
1191
417
649
244
839
43
232
28
410
924
375
548
1150
1113
68
171
1042
1008
626
1151
678
234
718
1084
126
1085
869
841
1081
273
622
921
541
986
778
86
751
873
911
1107
974
798
1071
22
1090
145
1100
159
317
181
59
504
1002
1118
686
865
508
176
338
787
560
322
40
604
960
797
130
529
745
242
928
1148
878
925
224
893
439
161
135
882
355
368
451
262
436
1193
549
965
905
582
411
228
777
67
1039
325
619
981
310
205
446
623
799
700
9
296
376
477
306
855
1063
762
1050
889
64
402
431
1180
899
117
49
82
713
57
903
898
60
215
692
577
661
473
665
968
363
805
643
1189
772
786
908
119
1
42
144
344
1179
843
939
511
816
591
696
1186
906
1030
641
998
1046
505
979
318
141
65
988
164
1062
255
180
491
554
819
99
535
608
1117
719
480
830
1188
102
1126
302
271
438
201
551
1040
512
461
771
944
393
1075
10
740
200
101
851
382
909
680
938
1131
1064
444
2
1187
886
894
20
103
8
50
1102
263
943
387
804
693
118
168
108
671
391
711
12
359
780
722
23
256
846
1138
481
1038
1068
913
138
329
3
1192
133
213
579
493
95
308
170
304
927
860
727
370
88
654
54
239
445
1060
534
1101
526
314
825
573
280
506
447
216
1109
238
252
1163
1095
423
179
1007
186
307
112
1026
867
667
1051
599
74
371
934
669
229
812
572
1164
634
922
424
210
80
1098
1014
1165
976
1059
852
503
574
463
848
697
45
502
826
15
531
1078
1096
1132
253
985
357
969
457
963
34
295
7
691
743
1032
558
79
4
485
404
347
866
521
1097
115
1045
666
288
514
198
278
754
27
1019
182
1099
536
192
221
673
1182
428
494
207
612
568
945
36
827
25
864
705
1171
717
958
290
730
765
337
1089
1112
406
868
1143
904
532
270
1140
763
408
353
874
383
248
914
1146
403
689
52
941
749
681
702
639
783
538
794
627
525
807
149
235
1091
323
1178
835
842
509
1141
847
35
768
470
63
710
401
861
1073
91
264
559
1010
415
892
546
1124
716
586
596
507
1070
335
1058
640
405
136
658
237
544
233
615
122
896
412
220
936
147
1086
121
440
365
83
890
31
1175
266
38
764
991
276
849
1013
123
513
1023
675
163
472
613
629
414
467
311
1152
542
970
261
605
474
350
495
810
320
241
303
760
442
301
956
156
172
5
1139
175
187
399
775
275
1034
569
588
460
30
795
652
540
1133
191
990
160
616
1119
247
690
488
354
818
602
394
268
390
212
915
1181
742
785
832
923
1088
695
151
478
523
653
1108
283
585
708
340
813
662
630
564
146
519
289
1144
16
971
545
857
98
287
636
679
1074
476
449
1156
305
1122
330
0
33
226
204
1103
1120
486
520
884
720
246
1055
388
44
106
959
110
1065
1083
738
1006
441
748
1104
260
1129
328
759
621
571
1053
77
416
929
817
292
996
561
1111
642
644
1011
907
300
1114
448
887
1159
714
214
380
1094
646
801
589
744
450
1127
249
920
373
61
677
758
901
258
39
779
647
1145
409
933
1121
633
1022
87
776
37
1176
828
707
570
105
769
378
366
856
870
932
800
1170
684
469
137
284
243
618
225
1183
1049
454
1167
601
699
723
663
279
1169
1093
942
590
1194
492
863
854
587
92
739
732
169
1054
625
73
1017
1130
127
274
747
983
427
209
685
32
154
291
788
774
1067
1153
167
13
97
729
600
527
598
392
803
134
703
515
484
557
737
384
930
21
811
104
948
183
1029
336
688
650
518
900
876
1106
1035
434
426
294
836
286
443
184
85
726
53
955
721
199
245
259
530
949
756
862
1066
437
565
1147
683
162
128
1028
510
56
1190
562
497
107
349
501
1157
1198
114
19
222
789
611
327
435
14
236
6
1004
277
429
822
978
1196
211
1149
648
829
312
397
203
977
609
715
556
66
1185
165
113
1069
1142
361
78
931
547
528
285
563
400
1020
62
1031
583
166
593
687
610
834
698
334
475
902
791
1199
1009
1056
331
1036
937
638
196
131
676
880
1128
1115
251
755
706
999
1027
11
208
94
567
733
194
770
993
17
897
1168
1137
69
333
374
109
1043
859
466
1195
637
782
319
1116
614
635
972
422
1162
1197
793
129
326
597
757
926
660
152
655
947
185
309
781
888
471
177
90
701
657
550
188
517
840
124
704
734
1001
853
1082
709
1003
951
895
766
360
975
1015
140
537
240
871
833
767
624
362
498
682
282
672
820
132
831
356
223
987
607
272
125
51
139
55
84
1154
539
1072
1018
153
219
332
982
617
850
761
552
953
603
967
1024
674
315
206
543
1177
230
838
174
796
72
1155
992
632
606
462
339
324
217
875
148
193
962
293
47
41
919
413
345
1047
342
267
407
1079
418
940
1158
385
910
881
741
837
465
1033
158
250
18
377
1184
814
352
372
453
1161
879
254
231
1048
142
555
490
419
668
809
815
824
1135
155
496
70
46
178
24
592
1166
1105
369
96
1125
821
553
750
946
966
802
432
195
100
218
197
455
1077
580
143
1052
89
746
298
952
420
379
917
468
984
651
1174
973
464
150
877
257
76
487
346
964
120
351
736
578
752
343
93
483
1173
994
628
784
157
71
858
664
957
499
594
566
421
806
823
1021
712
1134
316
348
389
1172
581
725
524
189
1005
950
367
916
1037
694
1087
728
731
1160
1016
